image_width: 1440
image_height: 1080
camera_name: narrow_stereo
camera_matrix:
  rows: 3
  cols: 3
  data: [2400.065927, 0.000000, 645.548833,
0.000000, 2394.796658 , 538.666364,
0.000000, 0.000000, 1.000000]
distortion_model: plumb_bob
distortion_coefficients:
  rows: 1
  cols: 5
  data: [-0.023685, -0.002158, -0.003113, -0.007357, 0.000000]
rectification_matrix:
  rows: 3
  cols: 3
  data: [1.000000, 0.000000, 0.000000,
0.000000, 1.000000, 0.000000,
0.000000, 0.000000, 1.000000]
projection_matrix:
  rows: 3
  cols: 4
  data: [2393.115000, 0.000000, 639.990874, 0.000000,
0.000000, 2397.413497, 537.049519, 0.000000,
0.000000, 0.000000, 1.000000, 0.000000]

